0   3.33182   10.4238   0.741082
1   3.25984   2.92002   0.738527
2   3.24027   3.38214   0.743749
3   3.15623   1.86785   0.750639
4   3.26254   12.6674   0.745416
5   3.30725   3.48068   0.734748
6   3.2552   9.19559   0.73686
7   3.21034   1.94439   0.745972
8   3.31152   3.26224   0.737415
9   3.31325   2.80757   0.746527
10   3.1987   2.4702   0.744527
11   3.29436   12.8871   0.740193
12   3.25624   2.89779   0.743194
13   3.20133   2.22394   0.740638
14   3.19731   2.83297   0.740193
15   3.29322   6.3545   0.727303
16   3.21414   6.79257   0.739638
17   3.27346   14.3208   0.739749
18   3.26482   4.15019   0.738082
19   3.17535   2.02263   0.750306
20   3.13218   1.59116   0.741305
21   3.30278   22.3084   0.74386
22   3.23285   1.84308   0.748083
23   3.29126   17.1363   0.727414
24   3.27162   4.24919   0.750528
25   3.31569   9.51604   0.749417
26   3.21562   2.32549   0.746416
27   3.28374   2.79977   0.73786
28   3.19218   1.85648   0.743749
29   3.21639   1.61449   0.743416
30   3.29   7.45715   0.743527
31   3.23568   2.06705   0.745305
32   3.27919   3.48826   0.74575
33   3.22329   3.85555   0.738415
34   3.22766   2.67743   0.733304
35   3.25517   3.48545   0.741416
36   3.25138   3.79032   0.746416
37   3.1786   2.43994   0.740638
38   3.25743   2.41577   0.737638
39   3.28977   4.96498   0.739082
40   3.28861   4.72256   0.744527
41   3.24557   2.52577   0.737193
42   3.18445   1.91   0.747083
43   3.20266   2.56999   0.740527
44   3.2521   11.5012   0.748194
45   3.23298   3.66407   0.736526
46   3.26057   2.65701   0.75175
47   3.23512   2.93423   0.752084
48   3.22831   3.07454   0.747861
49   3.30934   4.80633   0.73886
50   3.23096   5.6283   0.74975
51   3.22216   3.28659   0.737638
52   3.24278   2.85568   0.737304
53   3.17225   2.03098   0.736082
54   3.23804   4.56654   0.738415
55   3.20777   2.52352   0.737304
56   3.24294   3.08197   0.739082
57   3.20343   1.75082   0.748972
58   3.27352   2.04501   0.742194
59   3.30496   13.9586   0.741971
60   3.15147   2.58627   0.739971
61   3.24451   2.01258   0.743527
62   3.17216   1.64801   0.74386
63   3.22364   2.99747   0.740971
64   3.17453   3.13406   0.730081
65   3.19708   2.28032   0.747416
66   3.27227   10.0126   0.742971
67   3.25846   2.42442   0.742082
68   3.25995   3.04794   0.745194
69   3.2241   2.57684   0.744527
70   3.23008   2.82515   0.742082
71   3.26661   2.81333   0.739749
72   3.19433   3.32687   0.742749
73   3.26805   10.0332   0.743972
74   3.25117   2.82613   0.72997
75   3.25345   3.03716   0.73886
76   3.22166   9.04016   0.746639
77   3.16554   4.05877   0.750528
78   3.22941   3.69021   0.751306
79   3.27407   5.06519   0.742305
80   3.22769   2.90923   0.743972
81   3.28761   7.74831   0.735193
82   3.22462   4.93784   0.74186
83   3.29943   7.58176   0.73586
84   3.23571   3.34259   0.73986
85   3.22499   2.52203   0.742305
86   3.16729   2.21685   0.73786
87   3.30136   3.91956   0.747972
88   3.1657   2.00242   0.747194
89   3.31817   3.95673   0.737749
90   3.2571   3.59155   0.740527
91   3.22668   4.322   0.737638
92   3.20812   8.08232   0.736526
93   3.23925   3.40259   0.741638
94   3.2698   2.9607   0.73886
95   3.2847   3.12766   0.739638
96   3.2075   1.83621   0.739527
97   3.22586   5.74341   0.74875
98   3.20938   2.00888   0.736971
99   3.23984   2.1547   0.741749
100   3.18187   2.65371   0.739749
101   3.1885   2.26348   0.743527
102   3.30602   4.08456   0.751417
103   3.19142   3.23114   0.742971
104   3.30638   8.5676   0.739527
105   3.21178   2.69787   0.749305
106   3.30659   3.52725   0.735637
107   3.21617   2.996   0.737526
108   3.27061   3.78272   0.745416
109   3.22412   2.33559   0.743083
110   3.27664   4.5695   0.746972
111   3.20611   2.34018   0.745194
112   3.27489   3.87825   0.749305
113   3.22205   4.66326   0.729748
114   3.28261   4.63372   0.744861
115   3.28349   3.10304   0.745194
116   3.25155   2.89792   0.735415
117   3.21481   2.47575   0.747639
118   3.20595   2.91162   0.747861
119   3.27958   4.41316   0.743749
120   3.22308   2.93467   0.748861
121   3.25117   2.47537   0.744194
122   3.28216   2.89938   0.746861
123   3.17176   1.60709   0.744083
124   3.27011   9.50297   0.735971
125   3.15152   2.41483   0.738193
126   3.20932   2.06238   0.736193
127   3.21521   1.58239   0.740638
128   3.34758   6.34817   0.737526
129   3.17082   1.89711   0.746416
130   3.23558   4.13972   0.739749
131   3.20577   2.17856   0.750639
132   3.25353   5.53232   0.741305
133   3.23953   2.41207   0.741082
134   3.22191   4.83177   0.744527
135   3.28712   4.70792   0.740304
136   3.2386   2.78106   0.740082
137   3.22238   3.53436   0.737415
138   3.17037   2.64483   0.747416
139   3.23066   3.33679   0.745861
140   3.24625   2.11981   0.74186
141   3.31904   2.33249   0.738527
142   3.21668   2.06891   0.738527
143   3.23412   2.3404   0.746639
144   3.19258   3.41838   0.750972
145   3.28177   3.42547   0.753417
146   3.25102   4.01049   0.73986
147   3.21869   1.80083   0.748972
148   3.31162   7.45121   0.742194
149   3.24126   1.90988   0.741305
150   3.1898   3.03255   0.728081
151   3.23039   2.02778   0.739193
152   3.25843   2.27934   0.737415
153   3.18935   1.85566   0.745305
154   3.3507   8.00348   0.735637
155   3.32602   6.48964   0.750861
156   3.31759   5.42116   0.752417
157   3.25978   2.80816   0.740527
158   3.20112   1.99947   0.749972
159   3.25767   2.53436   0.756084
160   3.26361   4.12882   0.742194
161   3.29095   6.77384   0.739082
162   3.18925   5.17295   0.744972
163   3.25337   3.28392   0.753306
164   3.16849   1.74041   0.738749
165   3.24052   8.234   0.746305
166   3.28077   3.09584   0.735971
167   3.19618   2.28722   0.74386
168   3.35063   15.0366   0.742082
169   3.21334   2.56478   0.745972
170   3.31013   6.29248   0.748861
171   3.16329   3.44877   0.741527
172   3.25769   2.15551   0.73986
173   3.22791   3.32902   0.740416
174   3.22364   8.92561   0.749639
175   3.26137   2.26733   0.744861
176   3.24118   3.24306   0.72997
177   3.22485   2.46388   0.742082
178   3.24482   3.64626   0.738638
179   3.22192   2.72442   0.750528
180   3.17025   3.16984   0.742749
181   3.18718   1.67737   0.743083
182   3.28913   4.34073   0.743083
183   3.27127   2.75657   0.73886
184   3.2446   4.95657   0.749194
185   3.3313   20.4432   0.744083
186   3.27877   2.23447   0.744083
187   3.29466   4.49385   0.742971
188   3.2648   3.33249   0.728303
189   3.22355   1.86942   0.734748
190   3.2429   2.64235   0.747416
191   3.25707   4.40875   0.741527
192   3.16268   1.84415   0.740638
193   3.18565   3.35318   0.754195
194   3.27664   6.2338   0.739193
195   3.23652   1.78563   0.74775
196   3.20961   1.7358   0.742527
197   3.18186   1.45086   0.747305
198   3.18878   1.94773   0.736415
199   3.25781   3.02004   0.734082
200   3.2627   2.82209   0.745083
201   3.2344   3.9802   0.745194
202   3.27744   4.02173   0.743749
203   3.20279   2.8159   0.752195
204   3.29278   8.202   0.745638
205   3.2703   2.73432   0.757084
206   3.25711   2.15219   0.74975
207   3.30515   3.90371   0.739527
208   3.29597   18.3293   0.746416
209   3.243   29.1073   0.746194
210   3.2499   2.48154   0.747194
211   3.26992   3.70318   0.738971
212   3.18163   2.60638   0.732081
213   3.25743   2.99989   0.73986
214   3.224   2.94965   0.740416
215   3.27349   3.72458   0.738749
216   3.33175   6.2999   0.732304
217   3.26148   4.17842   0.739082
218   3.26099   3.49493   0.739304
219   3.21232   2.25858   0.736526
220   3.27301   3.84069   0.735193
221   3.32648   6.91791   0.734082
222   3.29757   7.18225   0.744416
223   3.26383   3.03979   0.740749
224   3.28309   2.8034   0.73297
225   3.27445   3.58018   0.741082
226   3.24167   2.62676   0.735082
227   3.24415   2.2816   0.746083
228   3.23353   2.35903   0.737193
229   3.25206   2.54749   0.747083
230   3.3416   6.30524   0.74675
231   3.19331   1.83667   0.748194
232   3.21772   3.8864   0.745194
233   3.19208   2.21808   0.739749
234   3.28584   16.432   0.752528
235   3.20326   2.05188   0.747416
236   3.21601   3.22129   0.748861
237   3.19263   2.26418   0.739082
238   3.24223   2.75263   0.728525
239   3.23304   3.3923   0.746639
240   3.2337   2.31772   0.743527
241   3.28817   3.19732   0.730414
242   3.26382   3.44649   0.739304
243   3.25051   3.41835   0.750972
244   3.23304   2.49541   0.742527
245   3.27104   2.47231   0.746416
246   3.22985   2.93217   0.749528
247   3.24444   1.76472   0.744749
248   3.2203   3.17226   0.751306
249   3.29257   2.55696   0.744638
250   3.29915   6.38057   0.74286
251   3.23699   2.60504   0.742971
252   3.29404   6.93053   0.75175
253   3.19256   2.49489   0.741527
254   3.31571   3.30704   0.746972
255   3.25313   3.41496   0.74386
256   3.23346   3.28122   0.743527
257   3.30037   4.50154   0.756084
258   3.16936   2.31411   0.744305
259   3.25704   12.9189   0.748194
260   3.29351   5.37785   0.735526
261   3.19344   1.92036   0.73786
262   3.22096   2.91209   0.738193
263   3.19932   1.86214   0.741416
264   3.30055   6.50488   0.742416
265   3.21378   2.65041   0.734415
266   3.28232   3.10189   0.744083
267   3.26248   2.858   0.749194
268   3.19509   1.60546   0.740193
269   3.25125   5.36576   0.741416
270   3.2371   2.38647   0.737749
271   3.29377   3.76434   0.755195
272   3.23839   14.8915   0.733415
273   3.24722   3.30033   0.747416
274   3.28842   2.59021   0.742749
275   3.34196   4.63348   0.745194
276   3.36353   5.64063   0.754084
277   3.24423   2.81255   0.736082
278   3.22472   2.07889   0.738304
279   3.25026   2.55567   0.745194
280   3.25621   3.82812   0.741305
281   3.24137   5.47859   0.748305
282   3.27755   7.21767   0.744305
283   3.19186   3.08639   0.742527
284   3.30921   6.80241   0.743638
285   3.23238   3.6957   0.739527
286   3.2126   3.59712   0.737526
287   3.20736   2.41396   0.746861
288   3.29515   4.41032   0.748083
289   3.25208   2.80219   0.74675
290   3.19316   2.0637   0.734193
291   3.27992   5.42765   0.742638
292   3.18284   2.08265   0.74086
293   3.26428   3.62323   0.746194
294   3.26303   3.82906   0.743527
295   3.32867   12.9889   0.743972
296   3.26726   2.11328   0.739971
297   3.20273   1.98565   0.742082
298   3.33199   4.36494   0.750528
299   3.28893   3.69028   0.744527
