0   4.31753   2.17187   0.74875
1   4.25332   2.88766   0.762085
2   4.14301   2.08932   0.756973
3   4.1346   3.00379   0.763085
4   3.96612   2.48937   0.749528
5   3.99957   2.18734   0.764529
6   3.9912   7.47021   0.763974
7   3.84721   7.33467   0.763418
8   3.73954   12.3602   0.762974
9   3.71038   2.07235   0.763863
10   3.78996   2.89711   0.755306
11   3.80252   3.18002   0.766974
12   3.70869   2.64225   0.762863
13   3.6146   4.93729   0.758862
14   3.59746   1.88881   0.768196
15   3.63731   3.24674   0.760973
16   3.54255   1.97801   0.765863
17   3.53922   4.11556   0.757529
18   3.47587   2.34398   0.767974
19   3.49013   1.96504   0.754973
20   3.42922   2.83009   0.760307
21   3.45399   2.20019   0.759307
22   3.5079   2.892   0.755084
23   3.38311   1.25342   0.764307
24   3.35879   2.57011   0.760418
25   3.37999   1.43315   0.763418
26   3.42019   2.96448   0.769752
27   3.39903   1.63062   0.758418
28   3.43868   8.25781   0.757084
29   3.33623   1.97178   0.770419
30   3.37209   6.31436   0.770752
31   3.34315   2.33113   0.750417
32   3.33006   2.60747   0.763196
33   3.2521   2.7115   0.764529
34   3.31216   2.14111   0.761418
35   3.32684   2.38175   0.766863
36   3.35254   3.22705   0.764974
37   3.23858   2.72714   0.759418
38   3.26949   1.94423   0.76753
39   3.29009   2.33859   0.771975
40   3.23792   1.51928   0.749639
41   3.26414   2.71836   0.77153
42   3.34203   57.8475   0.765863
43   3.21278   2.80965   0.758529
44   3.24922   2.20381   0.759084
45   3.23813   2.5638   0.765196
46   3.19012   1.98612   0.761196
47   3.27846   13.9925   0.763863
48   3.22671   2.53473   0.76264
49   3.26714   2.22874   0.762196
50   3.25322   1.82805   0.757529
51   3.21634   2.4706   0.75964
52   3.21773   3.39709   0.759307
53   3.18803   1.31203   0.759084
54   3.20865   2.23504   0.768863
55   3.21566   17.0025   0.760862
56   3.18711   1.60505   0.76164
57   3.26084   6.40248   0.755528
58   3.19336   2.10126   0.75564
59   3.25959   5.35723   0.762974
60   3.2254   1.79736   0.759307
61   3.2678   5.48582   0.767752
62   3.17698   1.32118   0.752973
63   3.23669   4.3861   0.75764
64   3.20754   2.86331   0.750417
65   3.28591   28.146   0.766752
66   3.20024   1.71957   0.758751
67   3.2423   2.8809   0.758195
68   3.18628   1.91578   0.754973
69   3.22373   6.40707   0.756973
70   3.22462   2.90673   0.765196
71   3.18783   2.8028   0.750861
72   3.37053   21.4132   0.757751
73   3.23186   5.09884   0.772864
74   3.29947   18.8939   0.750972
75   3.13345   1.58726   0.762751
76   3.16626   2.20197   0.772753
77   3.19055   1.49071   0.760529
78   3.1877   2.54289   0.766974
79   3.17787   1.21648   0.764752
80   3.26445   16.4926   0.757751
81   3.1675   4.22308   0.760196
82   3.20973   1.78257   0.759195
83   3.21815   5.962   0.756751
84   3.18514   2.96272   0.755306
85   3.18491   2.08955   0.766085
86   3.21859   6.05803   0.766418
87   3.1479   1.49888   0.752195
88   3.17125   6.01333   0.756529
89   3.19536   1.81273   0.756417
90   3.158   3.3218   0.765196
91   3.15197   2.12348   0.761085
92   3.14725   1.33331   0.757529
93   3.24586   3.81731   0.755417
94   3.17674   1.54436   0.760973
95   3.19144   1.82468   0.765085
96   3.14149   1.67473   0.757195
97   3.1742   1.77518   0.769308
98   3.13628   2.76392   0.765863
99   3.17914   2.30734   0.759195
100   3.19268   2.28718   0.765085
101   3.15751   3.81725   0.757529
102   3.1444   1.63727   0.753528
103   3.20519   4.40602   0.762307
104   3.11959   1.8181   0.760751
105   3.17096   2.98073   0.754306
106   3.2818   26.1017   0.757195
107   3.19841   25.8816   0.764752
108   3.15221   7.25352   0.761862
109   3.18136   7.01762   0.764641
110   3.21666   2.66134   0.763529
111   3.15922   1.34981   0.756973
112   3.20893   4.60555   0.760751
113   3.19175   2.27793   0.762974
114   3.18638   2.01047   0.758529
115   3.208   22.0614   0.760751
116   3.15791   1.84103   0.770863
117   3.16214   1.84649   0.760862
118   3.14252   1.68003   0.761529
119   3.23048   4.86054   0.765641
120   3.18325   3.08332   0.769308
121   3.15834   3.13181   0.763974
122   3.16813   2.01616   0.762418
123   3.13055   1.37535   0.766196
124   3.17823   1.72532   0.762974
125   3.20906   7.32478   0.761974
126   3.18461   6.30324   0.766418
127   3.11605   2.15112   0.759307
128   3.29067   39.166   0.764974
129   3.19388   3.35227   0.756306
130   3.16834   1.71735   0.753195
131   3.24992   12.9388   0.76164
132   3.13759   2.04143   0.754084
133   3.15112   1.84751   0.759195
134   3.14746   4.63169   0.76364
135   3.16889   1.50862   0.765307
136   3.18764   3.19679   0.757195
137   3.15917   1.75351   0.756306
138   3.19589   3.18253   0.778975
139   3.16465   2.01148   0.754639
140   3.16855   2.3848   0.755084
141   3.15651   1.37738   0.762863
142   3.19844   2.54187   0.772308
143   3.20469   2.25771   0.760751
144   3.22146   3.70972   0.766641
145   3.09634   1.59468   0.763196
146   3.19284   2.50109   0.762418
147   3.17072   2.16875   0.756973
148   3.15514   1.81613   0.762529
149   3.17967   1.71873   0.758751
150   3.15397   2.44885   0.75664
151   3.13622   2.15703   0.763418
152   3.12716   1.11377   0.768752
153   3.15175   2.30227   0.766641
154   3.14349   2.17768   0.759084
155   3.13606   2.39442   0.771864
156   3.1764   1.68722   0.754973
157   3.15111   12.1592   0.774308
158   3.14044   1.66349   0.75764
159   3.14436   2.28375   0.759751
160   3.18086   3.06216   0.761085
161   3.13685   1.74007   0.757751
162   3.17083   3.45169   0.76264
163   3.20918   5.56922   0.761196
164   3.15812   2.41904   0.763418
165   3.2753   31.1639   0.765974
166   3.19494   3.62261   0.75764
167   3.14464   2.98953   0.761974
168   3.18587   2.95558   0.756417
169   3.19967   2.01642   0.763752
170   3.12716   4.426   0.768641
171   3.12307   1.38018   0.762751
172   3.23135   14.5648   0.764863
173   3.14391   2.38261   0.760751
174   3.25299   4.19866   0.759307
175   3.27735   17.5239   0.766085
176   3.16941   1.6063   0.762863
177   3.17032   3.973   0.763752
178   3.13753   1.68866   0.75864
179   3.22291   6.38868   0.770641
180   3.13308   2.38587   0.76853
181   3.16596   2.66754   0.761307
182   3.17861   2.55869   0.76164
183   3.14797   2.94356   0.771197
184   3.19305   2.30714   0.763196
185   3.18345   6.58904   0.755751
186   3.2148   7.95788   0.773419
187   3.18887   2.51615   0.760751
188   3.17094   1.8901   0.773308
189   3.17719   2.01383   0.767974
190   3.12194   1.46075   0.767419
191   3.17178   2.37598   0.761974
192   3.12356   2.82719   0.759751
193   3.2105   3.80344   0.763863
194   3.19192   2.15436   0.764529
195   3.1459   1.68711   0.769197
196   3.19514   2.84789   0.765196
197   3.13804   1.69642   0.76553
198   3.13729   2.20785   0.758084
199   3.2799   30.4346   0.760418
200   3.19916   3.16104   0.754084
201   3.1067   2.36015   0.764641
202   3.22446   5.24049   0.757529
203   3.2529   10.2152   0.767752
204   3.15398   2.47432   0.764529
205   3.15181   1.92526   0.757862
206   3.15796   4.1251   0.760307
207   3.2326   6.65189   0.76753
208   3.10306   1.12105   0.762196
209   3.16335   2.56256   0.762863
210   3.15658   1.58435   0.760973
211   3.13266   1.5311   0.755751
212   3.13462   1.89544   0.76264
213   3.16318   2.71397   0.770419
214   3.1783   2.53164   0.756529
215   3.1977   7.16346   0.766641
216   3.20433   11.6442   0.764641
217   3.11613   1.94357   0.756862
218   3.14636   2.94518   0.760418
219   3.13674   1.68005   0.763085
220   3.13385   1.53668   0.757751
221   3.1434   1.36987   0.761751
222   3.17611   1.91757   0.759862
223   3.12217   1.17881   0.77942
224   3.20694   6.65384   0.763196
225   3.15069   1.41208   0.757195
226   3.16211   2.87591   0.762863
227   3.13811   1.40673   0.770419
228   3.14121   1.41792   0.759529
229   3.10103   1.3199   0.764974
230   3.16065   1.82868   0.758418
231   3.13488   1.92821   0.761529
232   3.26668   3.28706   0.764196
233   3.17721   1.83874   0.771086
234   3.15802   1.48375   0.757862
235   3.13511   1.67188   0.759195
236   3.10237   2.16355   0.767752
237   3.17181   3.14677   0.754306
238   3.10116   1.20967   0.772864
239   3.2031   2.87898   0.765863
240   3.21381   6.58254   0.761529
241   3.14074   3.46072   0.761085
242   3.18641   2.56306   0.76653
243   3.14835   1.74217   0.768974
244   3.17168   2.99595   0.758973
245   3.15746   2.73259   0.768419
246   3.22363   3.18754   0.751639
247   3.12778   1.42554   0.760196
248   3.16332   2.66357   0.76953
249   3.22611   2.88132   0.761862
250   3.20441   5.75372   0.754306
251   3.19063   4.99438   0.761085
252   3.11258   1.5443   0.752973
253   3.18901   2.1806   0.764974
254   3.09968   1.42674   0.76553
255   3.20051   4.15109   0.771864
256   3.25101   6.10409   0.764529
257   3.13063   1.45543   0.752528
258   3.13673   1.88482   0.763974
259   3.15426   1.26637   0.763974
260   3.17969   3.384   0.756751
261   3.17864   8.32078   0.771086
262   3.15411   1.75714   0.755084
263   3.18513   3.29397   0.762863
264   3.2464   11.7335   0.764307
265   3.23517   7.61836   0.759862
266   3.13541   1.86159   0.758418
267   3.09539   0.967356   0.760418
268   3.30626   192.865   0.766418
269   3.14599   1.71689   0.757862
270   3.20954   2.64206   0.759862
271   3.13563   1.49377   0.760418
272   3.20364   2.21989   0.769863
273   3.17659   4.36293   0.764418
274   3.15992   2.53961   0.755195
275   3.14617   1.76726   0.761862
276   3.15413   1.37259   0.75764
277   3.14699   1.40535   0.76064
278   3.188   2.12894   0.758529
279   3.08   1.75279   0.76264
280   3.11602   1.13467   0.761751
281   3.28261   6.71954   0.771086
282   3.14106   3.26086   0.764641
283   3.15107   3.11887   0.760418
284   3.17213   5.6762   0.764085
285   3.20246   2.59836   0.764641
286   3.25406   32.2253   0.766307
287   3.17747   4.59381   0.763307
288   3.16534   3.72029   0.765863
289   3.17044   2.20992   0.756529
290   3.16275   2.891   0.765418
291   3.09144   1.37286   0.755751
292   3.13857   2.17975   0.760973
293   3.13827   1.8943   0.761085
294   3.11923   1.83455   0.761974
295   3.13465   1.11953   0.759973
296   3.10716   1.54771   0.756306
297   3.13153   2.32378   0.766974
298   3.19505   2.5031   0.767085
299   3.20531   3.00856   0.763418
