0   3.31793   1.81282   0.757084
1   3.35519   1.56751   0.755751
2   3.30706   1.57762   0.755862
3   3.18855   1.41768   0.755973
4   3.01867   1.29719   0.753973
5   2.84306   1.10346   0.760529
6   2.9195   1.19099   0.761418
7   2.74539   0.974241   0.762974
8   2.74887   1.01283   0.755973
9   2.609   0.798125   0.766641
10   2.74241   0.797416   0.763196
11   2.5038   0.719662   0.765418
12   2.58171   0.664259   0.761307
13   2.50102   0.609704   0.77053
14   2.49571   0.549575   0.760418
15   2.45896   0.528243   0.760084
16   2.35492   0.47998   0.767641
17   2.41778   0.512278   0.760862
18   2.39738   0.442236   0.759084
19   2.37474   0.452881   0.770308
20   2.32347   0.399399   0.757529
21   2.27241   0.347545   0.761751
22   2.2348   0.370794   0.76164
23   2.26721   0.392165   0.754973
24   2.2688   0.286276   0.758529
25   2.27998   0.331631   0.763196
26   2.26787   0.276402   0.759195
27   2.25932   0.258151   0.761418
28   2.1996   0.286479   0.770308
29   2.19458   0.269477   0.755973
30   2.19273   0.249453   0.767974
31   2.18655   0.245779   0.75764
32   2.15454   0.24029   0.767863
33   2.14863   0.240373   0.767752
34   2.20469   0.248914   0.748305
35   2.15967   0.200683   0.761974
36   2.17084   0.225886   0.752417
37   2.1087   0.198615   0.763085
38   2.19112   0.211393   0.75664
39   2.12785   0.183342   0.76853
40   2.16234   0.189094   0.760084
41   2.10795   0.186133   0.76364
42   2.14195   0.19572   0.748194
43   2.13462   0.174011   0.758418
44   2.14011   0.185792   0.760973
45   2.13973   0.181556   0.764974
46   2.14435   0.172891   0.760196
47   2.16716   0.200689   0.758195
48   2.14469   0.190081   0.758418
49   2.08988   0.168916   0.764752
50   2.10753   0.172747   0.758418
51   2.11917   0.167511   0.759862
52   2.10587   0.139924   0.753862
53   2.11955   0.16546   0.767863
54   2.14553   0.187473   0.76553
55   2.14677   0.166104   0.753417
56   2.10205   0.167765   0.760973
57   2.09822   0.142944   0.759084
58   2.10042   0.149683   0.755084
59   2.11868   0.149438   0.750972
60   2.09864   0.140429   0.756862
61   2.09681   0.138718   0.763196
62   2.07097   0.134321   0.756529
63   2.08737   0.131998   0.760862
64   2.12533   0.158029   0.759862
65   2.08491   0.143564   0.761307
66   2.09389   0.137572   0.756751
67   2.07602   0.129288   0.761862
68   2.08356   0.126728   0.758751
69   2.07971   0.118815   0.765752
70   2.06554   0.11734   0.758084
71   2.07182   0.117444   0.761751
72   2.09515   0.11772   0.755306
73   2.09775   0.141023   0.760307
74   2.07315   0.140038   0.754306
75   2.06368   0.0989394   0.760418
76   2.07811   0.112831   0.762751
77   2.08571   0.122768   0.768419
78   2.0625   0.113824   0.755195
79   2.08396   0.10597   0.757306
80   2.06615   0.106452   0.759084
81   2.05897   0.0974522   0.757417
82   2.05281   0.103837   0.759862
83   2.06844   0.111595   0.760751
84   2.06481   0.107712   0.764863
85   2.03279   0.0903087   0.763418
86   2.05076   0.10093   0.764752
87   2.06886   0.115324   0.757417
88   2.07008   0.127746   0.76364
89   2.03701   0.0845749   0.758973
90   2.07972   0.129891   0.756862
91   2.06931   0.102616   0.760196
92   2.04813   0.0902487   0.766085
93   2.01056   0.0733743   0.748083
94   2.06244   0.115331   0.760084
95   2.05333   0.0959919   0.755084
96   2.04756   0.100399   0.760084
97   2.05706   0.0978629   0.776642
98   2.06668   0.091015   0.751306
99   2.06266   0.0981016   0.758973
100   2.07769   0.114663   0.757084
101   2.04159   0.0978881   0.767419
102   2.03308   0.0851709   0.758418
103   2.03797   0.0708473   0.761196
104   2.04237   0.0966112   0.755528
105   2.03451   0.0887705   0.754306
106   2.04703   0.0867572   0.755084
107   2.02851   0.0784822   0.757417
108   2.02804   0.0920273   0.771864
109   2.03469   0.0928542   0.759862
110   2.03761   0.0738187   0.763752
111   2.05863   0.0860929   0.759084
112   2.04891   0.0813881   0.75964
113   2.05128   0.0830709   0.760418
114   2.04432   0.0921012   0.763085
115   2.05203   0.0896757   0.743749
116   2.04878   0.0904709   0.764307
117   2.04569   0.102347   0.75375
118   2.03576   0.0781463   0.762307
119   2.04247   0.0749786   0.759307
120   2.06511   0.100941   0.758195
121   2.03451   0.0711868   0.760973
122   2.05949   0.096418   0.747194
123   2.03507   0.0817312   0.753195
124   2.01827   0.0640945   0.74386
125   2.04293   0.0896893   0.765085
126   2.03724   0.0719192   0.758418
127   2.03664   0.0876362   0.755751
128   2.03194   0.0704868   0.760973
129   2.03544   0.0922599   0.762863
130   2.05524   0.0964055   0.762196
131   2.03487   0.068794   0.751083
132   2.04716   0.0845143   0.751417
133   2.02322   0.0703594   0.762307
134   2.06253   0.108108   0.757417
135   2.05735   0.100103   0.749194
136   2.09284   0.125799   0.760418
137   2.03342   0.073685   0.757195
138   2.02998   0.0620495   0.75175
139   2.05449   0.0805931   0.758862
140   2.03325   0.0765781   0.757195
141   2.03164   0.0656216   0.757195
142   2.03957   0.0798397   0.754306
143   2.05225   0.0860662   0.750861
144   2.01489   0.0616563   0.753195
145   2.03362   0.0655321   0.761862
146   2.06878   0.103721   0.752528
147   2.02781   0.0744796   0.749417
148   2.04202   0.0760909   0.756529
149   2.03154   0.077456   0.761418
150   2.04927   0.0701432   0.760862
151   2.03739   0.0766185   0.758751
152   2.06187   0.0781995   0.759307
153   2.05059   0.0783759   0.758084
154   2.03994   0.0931797   0.757529
155   2.03587   0.0759854   0.766418
156   2.01095   0.0620551   0.75564
157   2.02373   0.0593141   0.744972
158   2.04672   0.0754066   0.763863
159   2.01827   0.0584849   0.75664
160   2.04787   0.0747878   0.757862
161   2.03385   0.0705477   0.765307
162   2.03852   0.0722605   0.761085
163   2.07694   0.113012   0.756973
164   2.07127   0.0875623   0.758084
165   2.04169   0.0951498   0.753417
166   2.04319   0.0841166   0.757751
167   2.02245   0.0583221   0.764863
168   2.04701   0.0777703   0.760529
169   2.03543   0.0757266   0.76364
170   2.01694   0.06986   0.765418
171   2.0193   0.0581537   0.75964
172   2.04452   0.0724322   0.749194
173   2.03656   0.0752489   0.752528
174   2.03876   0.060829   0.761307
175   2.04691   0.0920276   0.765641
176   2.03401   0.0649563   0.751195
177   2.03335   0.0673221   0.754639
178   2.02478   0.0629824   0.76364
179   2.04642   0.0861464   0.748083
180   2.02504   0.0628311   0.759084
181   2.03547   0.0658584   0.75964
182   2.0519   0.0767304   0.762196
183   2.03126   0.0645928   0.760418
184   2.06334   0.0799151   0.762529
185   2.03765   0.06101   0.750306
186   2.03894   0.0655183   0.760196
187   2.01186   0.0514041   0.757306
188   2.02393   0.0606251   0.757973
189   2.0563   0.085682   0.756862
190   2.02279   0.0579715   0.753973
191   2.02423   0.0625088   0.759195
192   2.02087   0.0570997   0.757973
193   2.03311   0.0600278   0.757973
194   2.04189   0.0675487   0.770641
195   2.03747   0.0614903   0.754862
196   2.02485   0.0613705   0.756862
197   2.00884   0.0512097   0.762418
198   2.04141   0.066795   0.761751
199   2.04052   0.0656459   0.758418
200   2.03709   0.0728649   0.758862
201   2.01202   0.0550201   0.762307
202   2.0374   0.0608751   0.756306
203   2.02926   0.0650092   0.762863
204   2.02996   0.0690967   0.758195
205   2.03964   0.0656233   0.752417
206   2.03776   0.0696979   0.75564
207   2.04506   0.0717365   0.759418
208   2.0267   0.0549745   0.755417
209   2.02105   0.0547557   0.758862
210   2.01195   0.0516185   0.765418
211   2.0502   0.0730821   0.750306
212   2.0058   0.0457826   0.757195
213   2.02919   0.0702407   0.762307
214   2.00107   0.0426436   0.771975
215   2.05341   0.0723855   0.751083
216   2.03195   0.0656771   0.745972
217   2.04082   0.0687202   0.758862
218   2.01287   0.0545713   0.757862
219   2.02285   0.0564999   0.748305
220   2.00203   0.0432888   0.757529
221   2.03718   0.0694959   0.747194
222   2.02425   0.0503319   0.749639
223   2.02   0.0518273   0.759973
224   2.02795   0.0588586   0.75375
225   2.02096   0.0526384   0.762529
226   2.02332   0.0627766   0.751195
227   2.02934   0.0534917   0.756195
228   2.03096   0.0623605   0.750417
229   2.03742   0.0642127   0.750639
230   2.04127   0.0617758   0.763085
231   2.04167   0.0703899   0.752195
232   2.01756   0.0595475   0.761196
233   2.02588   0.059518   0.753973
234   2.02181   0.0496436   0.754639
235   2.04077   0.0626436   0.762307
236   2.02441   0.0551156   0.759973
237   2.04116   0.0688002   0.757306
238   2.02936   0.0561629   0.748639
239   2.02658   0.0512563   0.764641
240   2.00571   0.0499285   0.751083
241   2.02552   0.0614925   0.759973
242   2.04409   0.0740994   0.761418
243   2.01276   0.0451746   0.754417
244   2.01234   0.0491707   0.761196
245   2.02629   0.064369   0.752084
246   2.02358   0.0539741   0.771197
247   2.01763   0.0569849   0.756973
248   2.02361   0.0565757   0.759195
249   2.04746   0.0670054   0.762085
250   2.0154   0.0500996   0.749972
251   2.03596   0.0550688   0.758084
252   2.0384   0.0760491   0.75964
253   2.04161   0.0618877   0.756751
254   2.01687   0.0458088   0.75175
255   2.04745   0.0688296   0.753417
256   2.03698   0.0690272   0.753528
257   2.01478   0.0539968   0.757862
258   2.01855   0.0473472   0.754417
259   2.03428   0.0601282   0.751861
260   2.03622   0.0736587   0.756417
261   2.03022   0.0568926   0.752639
262   2.05182   0.075336   0.755195
263   2.04235   0.0646843   0.762307
264   2.02275   0.0505512   0.759418
265   2.01378   0.0465719   0.764974
266   2.02988   0.0549455   0.756862
267   2.01367   0.0494383   0.763307
268   2.03411   0.059736   0.75275
269   2.02969   0.0544186   0.75375
270   2.02559   0.0551035   0.757973
271   2.02928   0.0508733   0.753084
272   2.0228   0.0589818   0.767307
273   2.0086   0.0423106   0.763196
274   2.00627   0.0413879   0.75175
275   2.02131   0.0467635   0.755862
276   2.03406   0.0598197   0.763974
277   2.03942   0.0578774   0.76064
278   2.03213   0.0538498   0.751306
279   2.02612   0.0513509   0.756862
280   2.04693   0.0579613   0.743194
281   2.02493   0.0580896   0.756195
282   2.03016   0.0517991   0.755751
283   2.03074   0.0506374   0.747528
284   2.02497   0.0519141   0.758084
285   2.04137   0.062602   0.764974
286   2.02092   0.045509   0.752639
287   2.01659   0.0453501   0.753862
288   2.03594   0.05485   0.752973
289   2.02951   0.0506086   0.757862
290   2.03986   0.0574527   0.764529
291   2.02468   0.0545069   0.764196
292   2.01404   0.0434667   0.746527
293   2.01116   0.0442296   0.755751
294   2.01259   0.0463009   0.757529
295   2.01947   0.0476163   0.75964
296   2.02068   0.0464985   0.752973
297   2.02299   0.0519203   0.752639
298   2.0267   0.0523591   0.764085
299   2.03704   0.061234   0.754417
