0   2   3.14839e-07   0.750639
1   2.00006   2.80319e-07   0.742749
2   2   2.92965e-07   0.747416
3   1.99999   3.10705e-07   0.739638
4   2   2.49713e-07   0.740082
5   1.99994   3.12438e-07   0.742638
6   1.99998   2.67704e-07   0.759084
7   2.00001   2.45914e-07   0.741416
8   1.99998   2.43899e-07   0.742082
9   1.99998   2.05087e-07   0.735082
10   1.99998   2.11281e-07   0.745638
11   2.00007   2.27536e-07   0.737638
12   2.00002   2.11382e-07   0.748972
13   1.99997   2.09224e-07   0.747861
14   1.99999   1.97128e-07   0.754306
15   1.99996   1.95336e-07   0.764752
16   2   1.93972e-07   0.747416
17   2.00001   1.74999e-07   0.740416
18   2.00002   1.75884e-07   0.749417
19   2.00004   1.68513e-07   0.740416
20   2   1.65459e-07   0.743749
21   1.99999   1.7057e-07   0.737082
22   2.00002   1.44458e-07   0.740749
23   2.00001   1.4764e-07   0.744749
24   2.00005   1.57157e-07   0.743638
25   1.99993   1.3801e-07   0.742638
26   1.99998   1.31692e-07   0.740527
27   2.00004   1.28628e-07   0.741305
28   1.99996   1.11106e-07   0.74286
29   2.00001   1.25025e-07   0.74186
30   2.00001   1.12328e-07   0.744972
31   2.00004   1.20141e-07   0.74386
32   1.99997   1.21372e-07   0.747861
33   2.00001   1.0815e-07   0.74675
34   2.00001   1.25805e-07   0.751306
35   1.99996   1.22369e-07   0.745416
36   2.00001   8.90551e-08   0.744194
37   1.99997   9.08133e-08   0.754973
38   1.99998   8.87445e-08   0.750083
39   1.99999   9.67238e-08   0.739527
40   2.00001   8.60625e-08   0.738527
41   2   8.05002e-08   0.74386
42   1.99999   9.36569e-08   0.744305
43   1.99998   8.4827e-08   0.743194
44   2.00001   8.08245e-08   0.736971
45   1.99999   6.79856e-08   0.744861
46   2.00001   7.80599e-08   0.745194
47   2.00001   6.75383e-08   0.747528
48   1.99998   7.28596e-08   0.741527
49   2.00001   7.03268e-08   0.739971
50   1.99997   6.74201e-08   0.746305
51   2.00005   6.70855e-08   0.739749
52   1.99998   6.36477e-08   0.734637
53   2.00002   6.96115e-08   0.733748
54   1.99997   6.17582e-08   0.741527
55   2.00001   5.53094e-08   0.744638
56   2.00002   6.17147e-08   0.738638
57   2   4.76359e-08   0.744638
58   2   4.92751e-08   0.739527
59   1.99999   5.36015e-08   0.742638
60   2   4.41195e-08   0.741305
61   2.00001   4.98186e-08   0.752639
62   2.00001   4.39041e-08   0.739971
63   2   4.62252e-08   0.742416
64   2.00001   4.26135e-08   0.74975
65   2.00001   4.90984e-08   0.737971
66   2.00001   4.29056e-08   0.74975
67   2.00003   4.2325e-08   0.736193
68   1.99998   3.89371e-08   0.737526
69   2.00002   3.52774e-08   0.745194
70   2   3.56835e-08   0.737415
71   1.99999   3.25537e-08   0.740749
72   2   3.62829e-08   0.74286
73   1.99999   2.98857e-08   0.744638
74   1.99999   3.30675e-08   0.746972
75   2.00001   3.42076e-08   0.744083
76   1.99998   3.00246e-08   0.744305
77   2   2.82427e-08   0.749083
78   1.99999   2.75597e-08   0.743638
79   1.99999   2.76356e-08   0.751083
80   1.99999   2.74123e-08   0.74186
81   1.99999   2.44719e-08   0.742638
82   1.99999   2.5037e-08   0.737971
83   1.99999   2.50886e-08   0.733859
84   1.99999   2.49086e-08   0.735193
85   1.99998   2.49667e-08   0.750083
86   2   2.25585e-08   0.732748
87   2   2.26311e-08   0.734859
88   2   2.19585e-08   0.744083
89   1.99999   2.10247e-08   0.746972
90   2.00001   2.13298e-08   0.755528
91   1.99999   1.82893e-08   0.744527
92   1.99999   1.89505e-08   0.756417
93   2   2.06863e-08   0.741749
94   2   1.86824e-08   0.747194
95   2   1.64145e-08   0.742082
96   2.00001   1.6224e-08   0.749417
97   1.99999   1.71372e-08   0.742416
98   2   1.66695e-08   0.747528
99   2   1.46906e-08   0.753862
100   1.99999   1.62249e-08   0.748861
101   1.99999   1.26153e-08   0.752639
102   1.99999   1.33004e-08   0.739304
103   1.99999   1.43501e-08   0.747305
104   2.00002   1.40945e-08   0.747416
105   2.00001   1.3183e-08   0.742082
106   2   1.28076e-08   0.747305
107   2   1.16546e-08   0.743749
108   2   1.15214e-08   0.74186
109   2   1.02533e-08   0.740082
110   2   1.25289e-08   0.747528
111   1.99999   1.0273e-08   0.742527
112   2   1.06419e-08   0.748639
113   2   9.96278e-09   0.744083
114   2   1.01404e-08   0.735082
115   2   1.04962e-08   0.739415
116   1.99999   9.10318e-09   0.749639
117   2   8.285e-09   0.750639
118   1.99999   8.60043e-09   0.737193
119   2   8.8157e-09   0.742527
120   1.99999   8.0063e-09   0.739082
121   2   8.40017e-09   0.740749
122   1.99999   9.51712e-09   0.751306
123   2.00001   7.54765e-09   0.74386
124   1.99999   7.57534e-09   0.748972
125   2   6.85982e-09   0.740082
126   2   7.4934e-09   0.748528
127   2   6.95065e-09   0.741416
128   2   6.2425e-09   0.747639
129   2   7.04048e-09   0.733526
130   2   6.48582e-09   0.728303
131   2   6.32641e-09   0.74286
132   2   5.19695e-09   0.735304
133   2   6.17017e-09   0.742749
134   2   6.05636e-09   0.74086
135   1.99999   5.07648e-09   0.735304
136   1.99999   4.88773e-09   0.745527
137   2   5.67526e-09   0.741749
138   2.00001   4.65742e-09   0.735748
139   2.00001   4.24848e-09   0.739527
140   2   4.56595e-09   0.741416
141   1.99999   4.63607e-09   0.752417
142   2   4.26075e-09   0.750194
143   2   3.53222e-09   0.753306
144   2   4.13393e-09   0.750194
145   2   3.86096e-09   0.748639
146   2   3.59452e-09   0.743749
147   2   3.2031e-09   0.742971
148   2   3.42732e-09   0.748305
149   2   3.58995e-09   0.754973
150   2.00001   3.21196e-09   0.744416
151   2   3.66002e-09   0.734526
152   2   3.026e-09   0.747639
153   2   2.99093e-09   0.745527
154   2.00001   3.10543e-09   0.746194
155   2   3.13199e-09   0.744527
156   2.00001   2.69899e-09   0.740638
157   2   2.57163e-09   0.738082
158   2   2.69958e-09   0.745638
159   2   2.66432e-09   0.73886
160   2   2.65811e-09   0.741193
161   2   2.17811e-09   0.734748
162   2   2.2488e-09   0.742971
163   2   2.22954e-09   0.737082
164   2   2.1677e-09   0.745083
165   2   2.15624e-09   0.73686
166   2   1.96899e-09   0.75075
167   2   1.80125e-09   0.741749
168   2   1.8726e-09   0.740749
169   2   1.70041e-09   0.755862
170   2   1.71177e-09   0.751972
171   2   1.5886e-09   0.742416
172   2   1.66275e-09   0.739415
173   2   1.6628e-09   0.747194
174   2   1.47182e-09   0.74775
175   2.00001   1.33414e-09   0.748528
176   2   1.61634e-09   0.740416
177   2   1.58319e-09   0.751972
178   2   1.29953e-09   0.741305
179   2   1.49929e-09   0.744194
180   2   1.41461e-09   0.741749
181   2   1.2016e-09   0.743194
182   2   1.22416e-09   0.747639
183   2   1.33729e-09   0.734526
184   2   1.2322e-09   0.739527
185   2   1.04397e-09   0.739082
186   2   1.05336e-09   0.747194
187   2   1.04441e-09   0.754862
188   2   1.21481e-09   0.743194
189   2   9.55348e-10   0.739527
190   2   9.66571e-10   0.743416
191   2   1.01382e-09   0.746861
192   2   9.34034e-10   0.734637
193   2   8.23245e-10   0.743527
194   2   9.01749e-10   0.743749
195   2   8.03106e-10   0.74575
196   2   7.88849e-10   0.749972
197   2   7.25311e-10   0.738082
198   2   7.12947e-10   0.749083
199   2   6.90898e-10   0.734304
200   2   7.3099e-10   0.750306
201   2   6.31758e-10   0.74186
202   2   5.70186e-10   0.741416
203   2   7.08965e-10   0.738193
204   2   5.49616e-10   0.742082
205   2   7.1251e-10   0.74186
206   2   6.21799e-10   0.738082
207   2   5.17911e-10   0.744749
208   2   5.47791e-10   0.740304
209   2   5.64959e-10   0.749194
210   2   6.20091e-10   0.739304
211   2   5.11349e-10   0.741193
212   2   4.90066e-10   0.749194
213   2   5.90089e-10   0.743194
214   2   4.75197e-10   0.747528
215   2   4.67584e-10   0.749861
216   2   4.55938e-10   0.741638
217   2   4.3986e-10   0.736637
218   2   4.26741e-10   0.749639
219   2   3.88913e-10   0.753639
220   2   4.15748e-10   0.747083
221   2   3.95286e-10   0.740749
222   2   4.04755e-10   0.749528
223   2   3.17916e-10   0.748416
224   2   3.76462e-10   0.750528
225   2   3.37302e-10   0.736082
226   2   3.03455e-10   0.734193
227   2   3.20621e-10   0.751417
228   2   3.05471e-10   0.741305
229   2   3.09239e-10   0.745305
230   2   3.14174e-10   0.732304
231   2   3.20682e-10   0.740082
232   2   2.41113e-10   0.744305
233   2   2.93781e-10   0.732637
234   2   2.52109e-10   0.751195
235   2   2.83625e-10   0.741416
236   2   2.24411e-10   0.743527
237   2   2.34334e-10   0.747528
238   2   2.39989e-10   0.743083
239   2   2.01935e-10   0.744194
240   2   2.17515e-10   0.743305
241   2   1.97632e-10   0.738193
242   2   1.81627e-10   0.751417
243   2   1.96491e-10   0.743083
244   2   1.89871e-10   0.742527
245   2   1.76889e-10   0.754306
246   2   1.69024e-10   0.734748
247   2   1.83947e-10   0.745194
248   2   1.63354e-10   0.741638
249   2   1.78044e-10   0.739971
250   2   1.69504e-10   0.739638
251   2   1.70722e-10   0.73786
252   2   1.5121e-10   0.742749
253   2   1.53618e-10   0.739082
254   2   1.65336e-10   0.747861
255   2   1.2226e-10   0.73986
256   2   1.36049e-10   0.743305
257   2   1.33093e-10   0.732192
258   2   1.26249e-10   0.749194
259   2   1.1498e-10   0.749528
260   2   9.97629e-11   0.749194
261   2   1.23761e-10   0.728748
262   2   1.07002e-10   0.743083
263   2   1.08092e-10   0.740971
264   2   1.09115e-10   0.746972
265   2   1.05987e-10   0.744083
266   2   1.07336e-10   0.738527
267   2   9.04521e-11   0.742638
268   2   9.14011e-11   0.742305
269   2   1.04396e-10   0.743416
270   2   8.52287e-11   0.741749
271   2   8.69358e-11   0.743749
272   2   8.10223e-11   0.742749
273   2   9.13625e-11   0.742082
274   2   9.40297e-11   0.74086
275   2   7.38645e-11   0.749861
276   2   8.05258e-11   0.743527
277   2   7.51132e-11   0.73886
278   2   6.8471e-11   0.742638
279   2   7.17888e-11   0.736749
280   2   7.09779e-11   0.738527
281   2   5.3038e-11   0.746639
282   2   5.98637e-11   0.750417
283   2   6.13438e-11   0.743972
284   2   6.39364e-11   0.743972
285   2   5.47216e-11   0.745861
286   2   5.3916e-11   0.740416
287   2   4.83555e-11   0.740082
288   2   5.16005e-11   0.739304
289   2   5.04592e-11   0.734971
290   2   4.64526e-11   0.747639
291   2   4.60636e-11   0.743527
292   2   4.82565e-11   0.742527
293   2   5.00862e-11   0.746083
294   2   4.83729e-11   0.746194
295   2   4.52989e-11   0.73397
296   2   4.21703e-11   0.750528
297   2   3.90932e-11   0.740749
298   2   3.52989e-11   0.742305
299   2   3.7609e-11   0.740971
