0   2.00007   9.47124e-06   0.961551
1   2.00062   8.65009e-06   0.963107
2   2.001   8.8206e-06   0.953328
3   1.99978   8.93573e-06   0.960218
4   1.99983   1.00238e-05   0.963218
5   2.00065   8.38192e-06   0.956328
6   2.00063   9.46216e-06   0.956217
7   1.99988   7.50059e-06   0.950661
8   1.99995   7.84269e-06   0.960329
9   1.99946   8.26812e-06   0.962329
10   1.99994   6.94909e-06   0.961218
11   1.99998   7.32661e-06   0.949772
12   2.00026   7.33779e-06   0.94855
13   2.00009   7.31299e-06   0.951884
14   1.99989   6.84343e-06   0.96144
15   1.9999   6.43527e-06   0.96244
16   2.00048   5.66077e-06   0.952661
17   2   5.77808e-06   0.960773
18   1.99994   5.76155e-06   0.960329
19   2.00005   4.96311e-06   0.955773
20   1.99952   5.45721e-06   0.960329
21   2.00011   4.99709e-06   0.960551
22   1.99952   6.2926e-06   0.954773
23   1.99957   6.30509e-06   0.951106
24   1.99996   5.84981e-06   0.952995
25   2.00028   4.46735e-06   0.966774
26   1.99978   4.31645e-06   0.953328
27   1.99963   4.90357e-06   0.951661
28   2.00022   5.25146e-06   0.949661
29   1.99997   4.35906e-06   0.95355
30   1.99985   3.80118e-06   0.950328
31   2.00038   3.54021e-06   0.958106
32   1.99973   3.79375e-06   0.96144
33   1.99995   4.44244e-06   0.954106
34   1.99976   3.36e-06   0.957995
35   2.00013   3.68467e-06   0.950995
36   1.99967   3.24123e-06   0.951772
37   1.99974   3.21522e-06   0.960551
38   1.99995   3.68489e-06   0.949439
39   1.99964   3.9732e-06   0.950883
40   1.99982   3.0671e-06   0.960773
41   1.99978   3.00209e-06   0.955995
42   2.00009   3.1494e-06   0.960218
43   1.99992   3.10345e-06   0.957551
44   1.99976   2.56358e-06   0.95355
45   1.99986   2.84257e-06   0.953995
46   1.99996   2.834e-06   0.951661
47   1.9998   2.03696e-06   0.962329
48   2.00013   2.54142e-06   0.95055
49   1.99984   3.38845e-06   0.944105
50   1.99965   2.34029e-06   0.951884
51   2.00002   2.14791e-06   0.961885
52   2   2.62296e-06   0.956995
53   1.99993   2.69531e-06   0.947439
54   2.00001   2.22661e-06   0.959662
55   1.9997   1.93823e-06   0.958218
56   2.00014   2.13894e-06   0.954551
57   1.99985   2.07552e-06   0.95744
58   2.00015   1.86119e-06   0.956995
59   1.99993   2.01867e-06   0.957773
60   1.99992   1.57351e-06   0.956884
61   2.00004   1.9529e-06   0.953328
62   1.99995   1.9409e-06   0.956995
63   1.99985   1.78755e-06   0.95644
64   1.99995   1.42983e-06   0.958773
65   2.00004   1.53021e-06   0.965107
66   2.00003   1.55361e-06   0.954662
67   2.00022   1.40349e-06   0.963107
68   2.00009   1.43099e-06   0.961551
69   1.99992   1.2267e-06   0.958218
